Total run: 20 
2.604992 2.604992 2.604992 2.56672
2.604992 2.604992 2.604992 2.565888
2.600832 2.600832 2.600832 2.565888
2.603328 2.603328 2.603328 2.565888
2.601664 2.601664 2.601664 2.56256
2.452736 2.452736 2.452736 2.50848
1.43104 1.17936 1.5380352 2.004288
1.146496 1.0192 1.247168 1.486784
0.8083712 0.6776224 0.8731424 0.962624
0.488384 0.38688 0.4644224 0.549952
0.0218816 0.0218816 0.0218816 0.0158912
0.0034944 0.0024128 0.0034528 0.0021216

4.4408920985e-16 4.4408920985e-16 4.4408920985e-16 1.33226762955e-15
4.4408920985e-16 4.4408920985e-16 4.4408920985e-16 4.4408920985e-16
8.881784197e-16 8.881784197e-16 8.881784197e-16 4.4408920985e-16
4.4408920985e-16 4.4408920985e-16 4.4408920985e-16 4.4408920985e-16
0.0 0.0 0.0 4.4408920985e-16
8.881784197e-16 8.881784197e-16 8.881784197e-16 4.4408920985e-16
0.007488 0.156 0.0364416 0.0
4.4408920985e-16 0.0 4.4408920985e-16 0.016303803728
0.0006656 0.0386996060011 0.00717874266428 2.22044604925e-16
5.55111512313e-17 1.11022302463e-16 0.0013312 0.0
0.00191721397867 0.00191721397867 0.00191721397867 0.00146252253316
0.00416498900839 0.00218390095013 0.00422009395156 0.00156705604239
