Total run: 20 
2.4792352 2.4645504
2.276768 2.1726848
1.89904 1.791712
1.8832736 1.174784
1.3963872 1.1168768
1.316848 0.72696
0.8983936 0.780832
0.734864 0.604448
0.5834816 0.342368
0.31616 0.2738528
0.0079872 0.0061152
0.0064064 0.0035776

0.0284067694918 0.022203023304
0.0640950574069 0.0400756358822
0.337057617465 0.284335863058
0.311399325138 0.178160906257
0.353714432872 0.331329456655
0.474990678154 0.251217832845
0.203122981209 0.0953990588465
0.11128660915 0.0703286110769
0.0724471375214 0.0407157542777
0.0577823850252 0.0330024889631
0.00212770885226 0.00164885104239
0.00964940672995 0.0024973862817
