Total run: 20 
62.73095275 62.73095275 62.73095275 62.56283635
62.6975206 62.6975206 62.6975206 62.69591185
62.81011195 62.81011195 62.81011195 62.63686945
62.752977 62.752977 62.752977 62.6562177
62.77424965 62.77424965 62.77424965 62.76936005
66.5883462 66.5883462 66.5883462 64.1051118
377.7479675 497.964957 375.873345 129.0906761
491.948262 494.2519295 547.076988 287.949624
649.37362 709.895961 733.761186 228.131902
851.565794 777.6927775 1107.6142215 551.1535345
3111.61722 3111.61722 3111.61722 2051.51054
11328.5704985 12158.867582 11507.9363835 inf

8.22556229088e-05 8.22556229088e-05 8.22556229088e-05 0.000516312044698
7.41170695582e-05 7.41170695582e-05 7.41170695582e-05 0.000230733455528
5.74164392845e-05 5.74164392845e-05 5.74164392845e-05 0.000818336023586
9.94167993857e-05 9.94167993857e-05 9.94167993857e-05 3.76378798551e-05
3.61127055198e-05 3.61127055198e-05 3.61127055198e-05 3.28305878714e-05
6.44457911729e-05 6.44457911729e-05 6.44457911729e-05 0.000205949168485
127.485697804 142.089994273 115.022697363 9.09594319227
164.87193038 138.391952284 180.029431476 142.217994655
226.356218593 206.131761974 251.055157607 25.9163343659
267.193835254 225.690935959 403.883224491 95.9610324444
820.13808233 820.13808233 820.13808233 343.74514086
7102.71733218 6842.46945595 7214.8633974 nan
