Total run: 20 
0.0 0.0
0.0 0.4343159
5.30714326 3.6173820005
4.330665995 7.439464985
8.44771293 8.478205065
11.42879093 12.860343275
15.510303625 13.4815258
18.085419 15.5872446
22.9038504 29.53940655
31.11391905 24.51730455
64.56652065 69.4047617
77.00585905 76.4648548

0.0 0.0
0.0 0.393324071048
4.08382024531 3.18744423274
2.8366102673 4.24586270209
4.82168479183 5.14131647692
5.93795808098 3.07788248534
7.06486584516 5.54111745471
7.29958496452 7.502700847
4.47781634977 2.56372038123
3.95567380987 8.91347885824
3.14899830585 5.47448193192
11.2704414485 11.4281992513
