Total run: 20 
65.6377648 65.71116175
71.55883355 108.9648439
318.25496625 271.0713557
285.50070925 473.3979445
499.417621 496.7593105
597.637737 697.9944255
885.554643 720.7791335
1050.383459 802.8804335
1233.3340475 1328.124635
1768.749015 1036.6007225
6278.80417 6547.784975
12416.432625 inf

1.06922486915 1.04300688226
2.46404263119 32.6347646559
189.697376894 128.485039587
138.778230699 210.26495765
185.607078438 227.893882268
263.916798729 116.083982853
324.037316778 210.820152458
342.416336653 331.77789353
334.477107178 114.033016086
173.347646851 458.127682293
1592.62464256 1342.67354677
6898.15687253 nan
