Total run: 20 
0.0 0.0 0.0 0.0
0.0 0.0 0.0 0.0
0.0 0.0 0.0 0.0
0.0 0.0 0.0 0.0
0.0 0.0 0.0 0.0
0.0 0.0 0.0 0.0
10.4588105 11.6818291 10.16817085 0.8233841
13.982522 12.060302 14.586895 4.65499608
18.1879502 19.01799095 20.03637465 2.9362416
24.936062 22.757475 30.5031096 10.312076
51.6972408 51.6972408 51.6972408 59.1144717
78.62521015 80.82345835 78.88313165 81.4763591

0.0 0.0 0.0 0.0
0.0 0.0 0.0 0.0
0.0 0.0 0.0 0.0
0.0 0.0 0.0 0.0
0.0 0.0 0.0 0.0
0.0 0.0 0.0 0.0
0.0354765 0.8219577 0.31740495 0.0
1.7763568394e-15 3.5527136788e-15 3.5527136788e-15 0.747451605133
0.0122644 0.521155125073 0.14133461632 8.881784197e-16
3.5527136788e-15 0.0 0.0609452 1.7763568394e-15
2.50323434612 2.50323434612 2.50323434612 2.13974807613
10.5518098918 7.54504523276 10.641094822 7.48816761498
